53.42721859865904 32.77764094366424
53.453053075739916 32.89907977271761
53.50983364701628 32.89907977271761
53.5922879653977 32.985821793470535
53.669443039920225 33.081238016298244
53.731065556939996 33.124609026674705
53.741327205913706 33.2373736536521
53.807966874752736 33.21135104742646
53.82333023740489 33.29809306817941
53.88983974729348 33.2633962598789
53.95113935218029 33.315441472330235
53.94092900121069 33.3761608868563
54.0225418378206 33.48025131590339
54.02763733241122 33.57566753873115
54.01744571891811 33.723128974010166
53.98175540283296 33.809870994761894
53.90517307911779 33.818545196837874
53.85915617753972 33.896613015514816
53.86938653298344 33.97468083419173
53.85915617753972 34.07877125909431
53.89495147788716 34.15683907777242
53.89495147788716 34.21755849229851
53.82333022957178 34.243581098524146
53.8079668669167 34.3043005130514
53.77209711544313 34.33032311927707
53.73619667259862 34.35634571095443
53.7208013805778 34.408390923405676
53.68485710620314 34.42573932755653
53.68485710620314 34.46911033793302
53.63859791752208 34.50380714623347
53.602583438888274 34.521155550384236
53.57168942440404 34.52982975245905
53.54077282224782 34.50380714623347
53.52530604844583 34.54717815660993
53.49951553668993 34.53850395453392
53.45305305360705 34.57320076283554
53.4427211444567 34.581874955459
53.43238672978595 34.58187496962839
53.42721857443357 34.60789756432544
53.40653968518731 34.62524598349762
53.38585073580617 34.68596539802493
53.380676926852175 34.83342683330392
53.344442658328035 34.89414624783004
53.365151727582344 34.928843056131655
53.35479845072041 35.01558507688338
53.313360185239304 35.05028188518503
53.292625953864956 35.11100129971118
53.251127282984015 35.12834970386197
53.23036283914402 35.11100129971118
53.178407646055376 35.137023905936815
53.14200152592238 35.137023905936815
53.12118416355179 35.163046512162424
53.11597824703932 35.24111433084053
53.069096624871406 35.293159543291864
53.0012885248959 35.249788532915346
53.00650831864721 35.163046512162424
52.964732294186916 35.145698108012795
52.949055867903866 35.02425927895942
52.93860175963681 34.97221406650698
52.90722427637232 34.920168854055646
52.90722427637232 34.8681236416044
52.87582404991761 34.850775237453576
52.86011540579116 34.84210103537873
52.770992281717355 34.88547204575519
52.80246836957508 34.902820449906045
52.770992281717355 34.99823667273378
52.71848151982425 35.04160769507786
52.68822341633617 35.120202912741945
52.66718681525603 34.99876408368857
52.49852909407838 34.98141567953775
52.49324808063386 34.91202206293684
52.44040305590414 34.84262844633474
52.382200232702075 34.86865105256035
52.3504208595125 34.96406727538809
52.281487105535945 34.90334786086089
52.24432444871661 34.877325254635224
52.18586304707637 34.84262844633474
52.18054455844427 34.738538021431
52.19649815588494 34.72986378030683
52.16458531560511 34.712515376156006
52.10069092097223 34.747212184457624
52.05270997461827 34.64312175955385
52.02603160631989 34.58240234502779
52.058043737726024 34.52168293050053
51.9833130935954 34.4522893138996
51.95659331521097 34.38289569729753
51.89775371129562 34.44361511182362
51.85491281161114 34.38289569729753
51.88903156377788 34.291112932201344
51.87545291323576 34.23454776737779
51.900667142819 34.23140525822109
51.92586722867176 34.20312267581096
51.96267269282319 34.190552629792165
51.97428919546968 34.115132410028565
51.99751316820536 34.12455993749859
52.012989126886396 34.064852263518304
52.0400591808918 34.083707314915216
52.068529296174745 34.036569676416036
52.111007764144205 34.07113727714119
52.139947173360724 34.09627735039456
52.163085170897176 34.042854694729414
52.20162178170722 34.03971218557268
52.213176253756416 33.96114945665073
52.25936409894419 33.93286687424066
52.29012929709103 33.92343934610963
52.30742533825162 33.83544908971933
52.35159564717489 33.83230658056095
52.35351509497889 33.70032119597545
52.326635239723316 33.60290341211342
52.29781726046741 33.55576577476157
52.30742534065297 33.47720304007109
52.35098846016507 33.499200602194264
52.34906890263616 33.461490492312436
52.341389838918445 33.41749536411726
52.35674663261486 33.37664274507702
52.34906890263616 33.3295051077252
52.37017945104981 33.197519723138015
52.33370944136789 33.181807177354614
52.33370944136789 33.147239576629545
52.29720933497458 33.05296430192416
52.27990930334067 33.01525419204236
52.264525825513346 32.996399137102316
52.26260251539742 32.95554651806208
52.23566741356035 32.88012629829848
52.2702952553299 32.8518437158867
52.264525825513346 32.82984615179001
52.249137008623364 32.77642349612307
52.25106090273991 32.694718258046066
52.29144340839878 32.60044298334074
52.31450261135956 32.52188025442041
52.31450261135956 32.38360985151988
52.243364825660535 32.42131996140171
52.2221937297129 32.36161228742145
52.17018549617441 32.34904225079475
52.143194303096465 32.380467342363175
52.08530090816197 32.27047952187448
52.074051396005615 32.226895415365505
52.063265117491085 32.209348669521944
52.06542258163239 32.163727130328255
52.05031814388653 32.132142987810624
52.03304967517806 32.114596241967064
52.04168474347543 32.03388121108719
52.04600165215925 31.96369422771292
52.03520859862368 31.907544641013715
52.06542258163239 31.907544641013715
52.07836517790409 31.925091386857304
52.104239116265234 31.85139505431448
52.095616137283315 31.80226416595326
52.1128604282774 31.781208070941204
52.14732900917923 31.791736118446806
52.190377243787935 31.781208070941204
52.198981893118884 31.73207718257902
52.20328359598554 31.693474338932845
52.24842631116201 31.71453043394493
52.276348804944774 31.686455640595796
52.32570707721837 31.595212560541825
52.3407182409685 31.616268655553938
52.41569765999219 31.623287353890987
52.426398614253 31.602231258878874
52.44565378750775 31.60924995721686
52.44779273281722 31.58819386273541
52.45634747329717 31.595212561636117
52.47684229362943 31.55798087207566
52.515300144006034 31.57552761832065
52.54945666531796 31.614130459176295
52.557991644790235 31.68080809338113
52.58358662329201 31.589565014994747
52.643250157470135 31.572018269151158
52.69432564723829 31.50183128626159
52.71346356300256 31.568508920466343
52.751714221017494 31.614130459659066
52.79205351351439 31.59307436464698
52.83659556858245 31.512359333767137
52.85567105016776 31.536924777947746
52.883209729502255 31.459719096236427
52.91919547475371 31.389532112863122
52.99107733410983 31.350929272007477
53.03752547548979 31.249158146115576
53.035415280858075 31.322854478657348
53.10085193749066 31.359335323353662
53.17369278542975 31.420046178902595
53.21179823840936 31.4027002201737
53.1927497453259 31.57326881433559
53.23429918024752 31.62530669051924
53.197945628508535 31.723600456645784
53.149426224835025 31.784311312194774
53.109529943852664 31.9028420301714
53.08696346793195 31.96355291965122
53.088699763822376 32.159798455115805
53.106058928348915 32.22340030378595
53.13034999298179 32.30434811118505
53.173692770600695 32.34193098818335
53.190867014181975 32.38234206492717
53.197795022710324 32.42570696174869
53.286029025880566 32.50376377602501
53.31021831039851 32.48063583105363
53.308490958679045 32.61362151463646
53.33750656763371 32.68535417172549
53.33830131762002 32.75456765830393
53.36769665658136 32.721291943603376
53.39389702038062 32.75190560112793
53.39707172596772 32.77054000148979
53.42246085139129 32.74258840114132