46.362200 31.025391
46.384925 31.234131
46.157251 31.322021
46.035438 31.629639
45.821618 32.761230
45.821618 32.211914
45.282737 32.211914
45.112535 32.640381
45.128029 32.805176
44.926280 33.288574
44.762810 33.244629
44.544128 33.101807
44.253891 33.453369
44.167327 33.859863
44.214559 34.112549
44.308911 34.376221
44.606693 34.771729
44.575419 35.046387
44.723820 35.397949
44.840711 35.628662
44.926280 36.584473
45.174486 36.518555
45.421614 36.672363
45.621613 36.661377
45.606254 36.013184
45.490925 35.573730
45.790287 35.244141
45.912640 35.167236
46.414500 35.837402
46.300843 36.166992
46.527921 36.540527
46.452334 36.848145
46.701374 37.155762
46.693844 37.408447
46.821709 37.628174
46.866766 38.155518
46.979241 38.331299
47.218401 38.221436
47.292918 38.331299
47.292918 38.199463
47.411927 38.298340
47.545491 38.298340
47.649140 38.452148
47.641744 38.594971
47.686108 38.649902
47.678716 38.759766
47.796854 38.781738
47.863188 38.869629
47.863188 39.067383
47.818975 39.122314
47.855822 39.385986
47.811602 39.737549
47.958855 39.803467
48.017639 39.781494
48.039666 39.869385
48.069020 39.847412
48.186271 39.913330
48.215541 40.012207
48.310556 39.968262
48.266725 39.924316
48.317857 39.836426
48.347053 39.935303
48.463667 39.847412
48.565486 39.858398
48.580015 39.660645
48.652596 39.704590
48.761273 39.737549
48.826366 39.770508
48.797446 39.957275
48.869715 40.078125
48.913026 40.045166
48.862492 39.990234
48.869715 39.825439
48.977922 39.704590
49.028338 39.660645
49.028338 39.748535
49.042734 39.924316
49.172105 40.034180
49.229495 40.111084
49.243832 40.198975
49.329767 40.177002
49.436975 40.034180
49.508317 40.023193
49.565316 40.177002
49.608022 40.122070
49.586673 39.946289
49.543949 39.869385
49.615136 39.616699
49.714622 39.594727
49.743009 39.385986
49.757197 39.243164
49.877623 39.177246
49.813905 39.001465
49.792647 38.924561
49.849314 38.924561
49.877623 38.748779
49.920054 38.693848
49.997749 38.693848
49.955386 38.660889
49.955386 38.496094
50.004806 38.430176
49.983632 38.408203
49.997749 38.342285
50.068272 38.320313
50.061224 38.177490
49.976572 38.199463
49.936201, 38.117065
49.898843 38.023682
49.886646, 38.034668
49.83704, 38.0896
49.83704, 38.023682
49.815765, 38.001709
49.769637, 38.056641
49.74478, 38.001709
49.766086, 37.96875
49.712803, 37.963257
49.691473, 38.012695
49.630988, 38.040161
49.602498, 37.946777
49.563298, 37.941284
49.563298, 37.919312
49.538336, 37.875366
49.527634, 37.935791
49.502653, 37.842407
49.441934, 37.842407
49.42406, 37.891846
49.305935, 37.886353
49.284427, 37.957764
49.249141, 37.908325
49.227608, 37.8479
49.231908, 37.87262
49.228214, 37.857513
49.201286, 37.845154
49.229112, 37.615814
49.225522, 37.592468
49.229112, 37.570496
49.208468, 37.549896
49.195, 37.508698
49.182427, 37.499084
49.177935, 37.515564
49.160865, 37.559509
49.135698, 37.569122
49.141092, 37.555389
49.141092, 37.537537
49.123109, 37.580109
49.098849, 37.490845
49.065548, 37.507324
49.056544, 37.481232
49.04934, 37.452393
49.057445, 37.420807
49.05024, 37.411194
49.047538, 37.386475
49.021464, 37.396088
49.024168, 37.368622
48.994423, 37.372742
48.985406, 37.365875
48.995325, 37.357635
48.998931, 37.342529
48.991718, 37.337036
48.989915, 37.310944
48.976387, 37.324677
48.97278, 37.299957
48.965563, 37.299957
48.958345, 37.31369
48.945712, 37.31781
48.943907, 37.308197
48.93127, 37.338409
48.919533, 37.33017
48.914114, 37.30545
48.921338, 37.298584
48.919533, 37.275238
48.908696, 37.268372
48.905986, 37.246399
48.907793, 37.224426
48.885294, 37.214813
48.878065, 37.191467
48.853659, 37.19696
48.816574, 37.19696
48.816574, 37.164001
48.827431, 37.147522
48.827431, 37.139282
48.846425, 37.147522
48.838286, 37.132416
48.842808, 37.103577
48.817479, 37.084351
48.814765, 37.073364
48.809335, 37.070618
48.81386, 37.030792
48.803, 37.025299
48.80119, 37.012939
48.786706, 36.99646
48.774029, 37.022552
48.763161, 37.029419
48.761349, 37.043152
48.743229, 37.036285
48.754285, 37.020493
48.762891, 37.009506
48.762891, 36.999893
48.787794, 36.975174
48.794584, 36.944962
48.789605, 36.931229
48.791868, 36.920929
48.797752, 36.919556
48.799562, 36.855698
48.779192, 36.841278
48.779192, 36.835098
48.771042, 36.839218
48.770136, 36.817245
48.777381, 36.819992
48.779192, 36.78772
48.784625, 36.78978
48.786436, 36.784286
48.801825, 36.78978
48.794584, 36.764374
48.805445, 36.719742
48.783267, 36.704636
48.777834, 36.688843
48.768325, 36.689529
48.764168, 36.710815
48.743331, 36.725922
48.705258, 36.732788
48.691654, 36.727295
48.688025, 36.709442
48.67986, 36.720428
48.672601, 36.716309
48.666249, 36.723175
48.659896, 36.734161
48.65445, 36.723175
48.646279, 36.724548
48.641739, 36.736908
48.624485, 36.735535
48.596512, 36.742401
48.597421, 36.776047
48.561966, 36.78978
48.57015, 36.822739
48.565149, 36.824112
48.568787, 36.856384
48.546049, 36.87149
48.550143, 36.882477
48.54241, 36.884537
48.538771, 36.899643
48.518295, 36.907883
48.51602, 36.849518
48.485386, 36.855011
48.480832, 36.830292
48.446207, 36.834412
48.443408, 36.84557
48.424034, 36.850719
48.416852, 36.850891
48.419702, 36.841621
48.414002, 36.823769
48.407132, 36.837845
48.405307, 36.818619
48.370631, 36.826172
48.368805, 36.811752
48.347931, 36.818619
48.343821, 36.804199
48.312759, 36.811752
48.315043, 36.872864
48.30499, 36.870804
48.305447, 36.910629
48.196629, 36.933289
48.181972, 36.867371
48.071906, 36.897583
48.055376, 36.88385
48.053539, 36.867371
48.029652, 36.864624
48.037381, 36.842651
48.034395, 36.833382
48.039448, 36.817589
48.039448, 36.813469
48.044272, 36.808319
48.052309, 36.805229
48.046798, 36.79287
48.050702, 36.787376
48.04565, 36.780853
48.056014, 36.763687
48.050044, 36.759567
48.048896, 36.749268
48.051651, 36.740341
48.060836, 36.747208
48.066576, 36.739998
48.069101, 36.728325
48.077594, 36.725235
48.08425, 36.716995
48.078742, 36.713905
48.080578, 36.705666
48.081266, 36.701202
48.08402, 36.697083
48.084938, 36.685753
48.090446, 36.678543
48.090675, 36.668243
48.086086, 36.664124
48.089528, 36.661377
48.09297, 36.65554
48.098247, 36.65863
48.099165, 36.653824
48.095035, 36.650734
48.093429, 36.635284
48.091134, 36.641121
48.093309, 36.647472
48.088031, 36.652107
48.088031, 36.648331
48.089064, 36.646442
48.087687, 36.644554
48.089064, 36.638718
48.086654, 36.636658
48.088949, 36.628933
48.086654, 36.627903
48.084818, 36.633224
48.082064, 36.630821
48.085048, 36.6255
48.08172, 36.623268
48.089064, 36.610394
48.090211, 36.60284
48.088949, 36.600609
48.085851, 36.605072
48.080717, 36.594772
48.080717, 36.586533
48.076127, 36.587219
48.077504, 36.581039
48.072913, 36.586533
48.061894, 36.587219
48.061469, 36.577606
48.057336, 36.582413
48.049069, 36.588593
48.039423, 36.573486
48.020125, 36.594086
48.012772, 36.563873
47.998981, 36.590652
47.999441, 36.578979
47.998062, 36.57692
47.956667, 36.585846
47.959888, 36.628418
47.918462, 36.640778
47.91616, 36.618805
47.920304, 36.591339
47.909252, 36.592026
47.905568, 36.543274
47.876082, 36.549454
47.878386, 36.575546
47.846119, 36.585159
47.836199, 36.519928
47.827343, 36.523361
47.820885, 36.454697
47.82596, 36.427231
47.826421, 36.412125
47.828727, 36.397018
47.828266, 36.377792
47.836568, 36.375732
47.840258, 36.322174
47.819962, 36.332474
47.814887, 36.302261
47.816733, 36.298141
47.817194, 36.283035
47.832417, 36.264496
47.831033, 36.203384
47.837952, 36.189651
47.859623, 36.199265
47.855935, 36.177292
47.848558, 36.181412
47.84118, 36.100388
47.850402, 36.098328
47.848558, 36.074295
47.86331, 36.067429
47.868842, 36.057129
47.879887, 36.053696
47.879887, 36.080475
47.859147, 36.088028
47.863757, 36.117554
47.869749, 36.11618
47.890485, 36.1306
47.894171, 36.119614
47.898777, 36.13266
47.921344, 36.105194
47.927789, 36.120987
47.938837, 36.107941
47.927329, 36.082535
47.959086, 36.074295
47.955405, 36.050949
47.961386, 36.043396
47.970127, 36.072235
48.000019, 36.063995
48.000019, 36.043396
48.016107, 36.03447
48.022082, 36.065369
48.056995, 36.052322
48.042936, 35.978851
48.05947, 35.982971
48.056715, 35.981598
48.055797, 35.971985
48.077835, 35.981598
48.082426, 35.982971
48.08518, 35.977478
48.088851, 35.960999
48.065899, 35.823669
48.095276, 35.809937
48.092523, 35.739899
48.13656, 35.704193
48.07049, 35.524292
48.092523, 35.520172
48.091605, 35.48996
48.099865, 35.443268
48.096194, 35.414429
48.108124, 35.418549
48.117298, 35.344391
48.142062, 35.288086
48.131057, 35.259247
48.137477, 35.223541
48.138394, 35.200195
48.129586, 35.109558
48.11124, 35.087585
48.120414, 35.062866
48.085543, 35.040894
48.080035, 34.999695
48.083707, 34.988708
48.081871, 34.917297
48.113075, 34.914551
48.122248, 34.895325
48.122248, 34.870605
48.056161, 34.876099
48.045138, 34.848633
48.002861, 34.8349
48.010216, 34.859619
47.975271, 34.865112
47.978951, 34.900818
47.92373, 34.93103
47.921888, 34.909058
47.927413, 34.881592
47.929254, 34.851379
47.901625, 34.856873
47.910836, 34.815674
47.853699, 34.807434
47.883197, 34.854126
47.857387, 34.870605
47.840788, 34.898071
47.828089, 34.902878
47.818632, 34.879189
47.758454, 34.892578
47.771386, 34.958496
47.736279, 34.972229
47.732582, 34.95575
47.723339, 34.95575
47.708547, 34.963989
47.709471, 34.933777
47.677099, 34.937897
47.668771, 34.899445
47.627113, 34.917297
47.638225, 34.933777
47.606734, 34.94751
47.585072, 34.936523
47.540564, 34.958496
47.51644, 34.909058
47.52572, 34.793701
47.533142, 34.755249
47.555404, 34.612427
47.54984, 34.546509
47.531287, 34.486084
47.510871, 34.30481
47.484876, 34.233398
47.473732, 34.156494
47.477849, 34.142761
47.450152, 33.947754
47.505877, 33.925781
47.476165, 33.662109
47.49845, 33.640137
47.49845, 33.596191
47.561543, 33.607178
47.580085, 33.568726
47.5875, 33.486328
47.542994, 33.486328
47.52815, 33.338013
47.461302, 33.348999
47.468734, 33.31604
47.509722, 33.272095
47.554256, 33.296814
47.520859, 33.222656
47.580216, 33.236389
47.565383, 33.1073
47.531994, 33.096313
47.53756, 33.145752
47.511578, 33.156738
47.504152, 33.123779
47.405662, 33.121033
47.411242, 33.071594
47.474439, 33.071594
47.470724, 33.057861
47.436985, 33.052368
47.42583, 33.027649
47.384909, 33.033142
47.384909, 33.110046
47.327193, 33.140259
47.302971, 33.096313
47.237703, 33.186951
47.226506, 33.134766
47.198503, 33.143005
47.213439, 33.1073
47.207839, 33.063354
47.181694, 33.041382
47.163011, 33.033142
47.179826, 32.997437
47.181694, 32.975464
47.142453, 32.920532
47.088215, 32.904053
47.035795, 33.033142
47.073243, 33.046875
47.048905, 33.071594
47.051413, 33.077087
47.110665, 33.077087
47.136844, 33.101807
47.095699, 33.162231
46.968322, 33.041382
46.996758, 32.947998
46.976135, 32.923279
46.940495, 32.947998
46.940495, 32.972717
46.91985, 32.975464
46.917973, 32.926025
46.899198, 32.928772
46.891686, 32.838135
46.867265, 32.849121
46.867265, 32.904053
46.852231, 32.923279
46.837193, 32.816162
46.829672, 32.783203
46.807104, 32.794189
46.818389, 32.772217
46.814628, 32.703552
46.852231, 32.695313
46.840953, 32.629395
46.857869, 32.582703
46.863507, 32.555237
46.871023, 32.54425
46.869144, 32.530518
46.839073, 32.536011
46.818469, 32.541504
46.810946, 32.475586
46.833513, 32.470093
46.824111, 32.376709
46.795897, 32.384949
46.790252, 32.35199
46.846672, 32.2229
46.818469, 32.269592
46.801541, 32.2229
46.763902, 32.2229
46.756371, 32.156982
46.745073, 32.170715
46.733772, 32.124023
46.741306, 32.102051
46.741306, 32.052612
46.724353, 32.063599
46.686661, 32.099304
46.665918, 32.011414
46.641395, 31.992188
46.650828, 31.929016