46.079174, 32.536011
46.113478, 32.766724
46.128717, 32.915039
46.159184, 33.079834
46.162991, 33.156738
46.132526, 33.299561
46.086799, 33.398438
46.048663, 33.464355
46.201047, 33.557739
46.250481, 33.711548
46.265683, 33.826904
46.258083, 33.909302
46.201047, 34.019165
46.170604, 34.07959
46.140144, 34.266357
46.109667, 34.436646
46.060106, 34.491577
46.056292, 34.766235
46.079174, 35.068359
46.289391, 35.073853
46.262797, 34.991455
46.262797, 34.914551
46.266597, 34.82666
46.266597, 34.700317
46.258996, 34.645386
46.258886, 34.579468
46.266486, 34.502563
46.258886, 34.431152
46.258886, 34.376221
46.266486, 34.277344
46.266486, 34.205933
46.270286, 34.123535
46.262686, 34.052124
46.262686, 33.953247
46.270286, 33.914795
46.270286, 33.821411
46.270286, 33.760986
46.270286, 33.689575
46.270286, 33.607178
46.266486, 33.530273
46.266486, 33.43689
46.270286, 33.387451
46.270286, 33.338013
46.270286, 33.294067
46.247484, 33.250122
46.247484, 33.167725
46.232277, 33.112793
46.232277, 33.030396
46.232277, 32.958984
46.232277, 32.909546
46.228475, 32.827148
46.22087, 32.772217
46.22087, 32.772217
46.201875, 32.733765
46.201875, 32.695313
46.201875, 32.651367
46.198071, 32.623901
46.186656, 32.579956
46.175239, 32.536011
46.171432, 32.519531
46.156205, 32.44812
46.152397, 32.431641
46.137164, 32.387695
46.137164, 32.349243
46.129546, 32.332764
46.121927, 32.393188
46.118117, 32.44812
46.118117, 32.563477
46.137164, 32.689819
46.152397, 32.77771
46.175239, 32.887573
46.18285, 33.041382
46.163819, 33.145752
46.148589, 33.272095
46.137164, 33.348999
46.137164, 33.43689
46.106686, 33.42041
46.351346, 34.436646
46.351346, 34.359741
46.351346, 34.282837
46.351346, 34.211426
46.351346, 34.140015
46.351346, 34.07959
46.351346, 34.019165
46.351346, 33.964233
46.3665, 33.876343
46.3665, 33.799438
46.3665, 33.700562
46.3665, 33.612671
46.3665, 33.546753
46.3665, 33.491821
46.3665, 33.403931
46.3665, 33.31604
46.3665, 33.233643
46.3665, 33.151245
46.3665, 33.085327
46.370288, 33.013916
46.36273, 32.953491
46.36273, 32.915039
46.36273, 32.838135
46.358941, 32.772217
46.358941, 32.717285
46.355153, 32.667847
46.355153, 32.629395
46.355153, 32.574463
46.355153, 32.525024
46.355153, 32.475586
46.351364, 32.431641
46.351364, 32.387695
46.351364, 32.34375
46.351364, 32.288818
46.351364, 32.2229
46.351364, 32.145996
46.351364, 32.107544
46.355153, 32.058105
46.483895, 31.838379
46.446083, 32.008667
46.430952, 32.11853
46.427168, 32.255859
46.427168, 32.404175
46.438518, 32.546997
46.438518, 32.695313
46.430952, 32.827148
46.430952, 32.991943
46.434735, 33.151245
46.430952, 33.33252
46.430952, 33.491821
46.430952, 33.667603
46.427168, 33.799438
46.430952, 33.991699
46.430952, 34.134521
46.430952, 34.282837
46.430952, 34.436646
46.430952, 34.6014
46.461175, 34.744263
46.423348, 34.777222
46.423348, 34.876099
46.411995, 34.996948
46.411995, 35.040894
46.483859, 34.93103
46.472518, 34.848633
46.468738, 34.788208
46.468738, 34.711304
46.468738, 34.639893
46.464957, 34.579468
46.461175, 34.491577
46.461175, 34.425659
46.457394, 34.348755
46.457394, 34.277344
46.453612, 34.205933
46.44983, 34.112549
46.44983, 34.06311
46.44983, 34.008179
46.44983, 33.953247
46.457407, 33.909302
46.453625, 33.832397
46.457407, 33.755493
46.457407, 33.678589
46.457407, 33.590698
46.457407, 33.513794
46.457407, 33.43689
46.457407, 33.359985
46.457094, 33.318787
46.457094, 33.269348
46.457094, 33.200684
46.460876, 33.137512
46.460876, 33.071594
46.460876, 32.99469
46.460876, 32.931519
46.460876, 32.868347
46.460876, 32.802429
46.460876, 32.758484
46.458985, 32.670593
46.458985, 32.637634
46.463556, 32.404175
46.492701, 32.431641
46.500574, 32.527771
46.496795, 32.623901
46.491126, 32.728271
46.515686, 32.829895
46.506241, 32.879333
46.502463, 32.969971
46.502463, 33.038635
46.500574, 33.123779
46.498684, 33.21167
46.494905, 33.288574
46.494905, 33.403931
46.487347, 33.483582
46.487347, 33.563232
46.489236, 33.642883
46.494905, 33.739014
46.496795, 33.840637
46.496795, 33.925781
46.489236, 34.019165
46.489236, 34.115295
46.476007, 34.057617
46.479795, 34.142761
46.477905, 34.208679
46.472234, 34.315796
46.472234, 34.403687
46.472234, 34.488831
46.468453, 34.573975
46.468453, 34.672852
46.464672, 34.747009
46.464672, 34.870605
46.464672, 34.81842
46.462782, 35.04364
46.487345, 34.966736
46.477896, 34.925537
46.474115, 34.881592
46.474115, 34.840393
46.474115, 34.815674
46.474115, 34.777222
46.474115, 34.741516
46.474115, 34.686584
46.483566, 34.661865
46.485456, 34.628906
46.496794, 34.579468
46.494904, 34.50531
46.494904, 34.466858
46.494904, 34.422913
46.496794, 34.367981
46.496794, 34.340515
46.498683, 34.266357
46.498683, 34.186707
46.498683, 34.120789
46.498683, 34.074097
46.494928, 34.035645
46.494928, 33.983459
46.494928, 33.947754
46.494928, 33.914795
46.493039, 33.873596
46.494928, 33.84613
46.494928, 33.810425
46.494928, 33.755493
46.494928, 33.719788
46.494928, 33.686829
46.494928, 33.656616
46.494928, 33.604431
46.494928, 33.560486
46.494928, 33.527527
46.494928, 33.486328
46.494928, 33.461609
46.494928, 33.425903
46.494928, 33.379211
46.494928, 33.33252
46.494928, 33.288574
46.489257, 33.263855
46.489257, 33.233643
46.489257, 33.208923
46.491147, 33.156738
46.491147, 33.134766
46.491147, 33.112793
46.491147, 33.085327
46.491147, 33.030396
46.491147, 32.997437
46.491147, 32.958984
46.491147, 32.917786
46.491147, 32.876587
46.491147, 32.818909
46.491147, 32.76123
46.491147, 32.711792
46.491147, 32.65686
46.491147, 32.582703
46.491147, 32.546997
46.491147, 32.514038
46.489257, 32.461853
46.528925, 32.321777
46.525148, 32.417908
46.52326, 32.505798
46.52326, 32.612915
46.540254, 32.698059
46.540254, 32.788696
46.540254, 32.89856
46.540254, 32.991943
46.536478, 33.093567
46.542142, 33.19519
46.542142, 33.277588
46.540268, 33.354492
46.536492, 33.431396
46.534604, 33.52478
46.530828, 33.612671
46.530828, 33.714294
46.53838, 33.813171
46.542156, 33.906555
46.545932, 34.010925
46.544066, 34.104309
46.544066, 34.197693
46.544066, 34.28833
46.542178, 34.370728
46.542178, 34.450378
46.542178, 34.552002
46.542178, 34.659119
46.551616, 34.755249
46.585798, 34.705811
46.578252, 34.639893
46.578252, 34.568481
46.578252, 34.49707
46.570705, 34.431152
46.570705, 34.348755
46.570705, 34.271851
46.570705, 34.205933
46.570705, 34.151001
46.566931, 34.096069
46.566931, 34.030151
46.566931, 33.969727
46.566931, 33.898315
46.566931, 33.848877
46.563157, 33.793945
46.563157, 33.722534
46.563157, 33.673096
46.559382, 33.607178
46.555608, 33.513794
46.555608, 33.469849
46.548162, 33.43689
46.548162, 33.403931
46.548162, 33.359985
46.540611, 33.31604
46.540611, 33.244629
46.540611, 33.189697
46.540611, 33.151245
46.540606, 33.112793
46.540606, 33.057861
46.53683, 32.975464
46.53683, 32.942505
46.53683, 32.887573
46.53683, 32.832642
46.533053, 32.739258
46.5255, 32.689819
46.5255, 32.640381
46.5255, 32.546997
46.5255, 32.459106
46.5255, 32.393188
46.593427, 32.321777
46.589655, 32.228394
46.612285, 32.145996
46.623596, 32.069092
46.690854, 32.085571
46.698945, 32.277832
46.698945, 32.426147
46.698945, 32.618408
46.698945, 32.827148
46.698945, 33.013916
46.70271, 33.19519
46.70271, 33.414917
46.70271, 33.640137
46.70271, 33.865356
46.710239, 34.052124
46.710239, 34.326782
46.725293, 34.502563
46.725293, 34.678345
46.762466, 34.705811
46.773074, 34.645386
46.773074, 34.541016
46.76931, 34.442139
46.76931, 34.3927
46.758014, 34.321289
46.758014, 34.227905
46.758014, 34.145508
46.76178, 34.096069
46.76178, 34.013672
46.76178, 33.914795
46.76178, 33.859863
46.76178, 33.777466
46.76178, 33.706055
46.76178, 33.656616
46.76178, 33.612671
46.765545, 33.552246
46.765545, 33.469849
46.765545, 33.42041
46.765545, 33.327026
46.765545, 33.244629
46.765545, 33.173218
46.765545, 33.09082
46.765545, 33.019409
46.76178, 32.942505
46.758014, 32.865601
46.750483, 32.783203
46.750483, 32.783203
46.757933, 32.722778
46.757933, 32.629395
46.757933, 32.557983
46.757933, 32.4646
46.757933, 32.398682
46.746635, 32.288818
46.746635, 32.244873
46.746635, 32.206421
46.792566, 32.233887
46.810625, 32.321777
46.814387, 32.387695
46.818149, 32.492065
46.825671, 32.579956
46.829432, 32.640381
46.784285, 32.805176
46.814387, 32.991943
46.814387, 33.123779
46.803101, 33.250122
46.799338, 33.425903
46.803101, 33.612671
46.810625, 33.771973
46.833192, 33.914795
46.844472, 34.101563
46.833192, 34.282837
46.844472, 34.40918
46.848231, 34.573975
46.848231, 34.705811
46.848921, 34.766235
46.874479, 34.716797
46.885751, 34.645386
46.885751, 34.573975
46.881994, 34.502563
46.870722, 34.436646
46.870722, 34.387207
46.870722, 34.337769
46.870722, 34.271851
46.863206, 34.238892
46.859448, 34.18396
46.859448, 34.129028
46.859448, 34.07959
46.859448, 34.024658
46.859448, 33.964233
46.855689, 33.892822
46.855689, 33.85437
46.855689, 33.788452
46.85193, 33.717041
46.85193, 33.662109
46.85193, 33.601685
46.844411, 33.601685
46.844411, 33.508301
46.844411, 33.409424
46.844411, 33.327026
46.844411, 33.250122
46.844411, 33.184204
46.844411, 33.134766
46.848171, 32.975464
46.897019, 32.937012
46.900775, 33.096313
46.900775, 33.228149
46.908286, 33.365479
46.915795, 33.475342
46.934565, 33.579712
46.930811, 33.75
46.927058, 33.843384
46.927058, 33.97522
46.930811, 34.140015
46.930811, 34.260864
46.934565, 34.458618
46.934565, 34.557495
46.930811, 34.672852
47.005829, 34.568481
47.005829, 34.480591
47.005829, 34.431152
47.00208, 34.348755
47.00208, 34.315796
47.00208, 34.260864
47.00208, 34.16748
47.00208, 34.101563
46.998332, 34.002686
46.998332, 33.942261
46.990834, 33.865356
46.990834, 33.804932
46.998332, 33.728027
46.998332, 33.728027
47.009484, 33.695068
47.009484, 33.585205
47.001988, 33.513794
46.99449, 33.425903
46.990741, 33.348999
46.99449, 33.255615
46.99449, 33.206177
46.99449, 33.145752
46.99449, 33.1073
46.998239, 33.085327
47.055189, 33.134766
47.065674, 33.288574
47.065674, 33.42041
47.076905, 33.563232
47.076905, 33.706055
47.073162, 33.810425
47.073162, 33.936768
47.073162, 34.074097
47.095618, 34.200439
47.106843, 34.365234
47.118065, 34.458618
47.125545, 34.502563
47.170404, 34.480591
47.174141, 34.414673
47.174141, 34.30481
47.174141, 34.277344
47.170404, 34.216919
47.162824, 34.18396
47.162824, 34.107056
47.166561, 34.024658
47.166561, 33.947754
47.166561, 33.85437
47.170298, 33.782959
47.170298, 33.700562
47.174035, 33.656616
47.177771, 33.579712
47.185243, 33.52478
47.192713, 33.425903
47.192713, 33.354492
47.192713, 33.272095
47.181507, 33.173218
47.181507, 33.140259
47.155349, 33.068848
47.132918, 32.997437
47.095512, 32.964478
47.076799, 33.030396
47.293523, 33.151245
47.293523, 33.294067
47.286066, 33.414917
47.286066, 33.535767
47.286066, 33.662109
47.282338, 33.799438
47.27488, 33.931274
47.27488, 34.046631
47.278609, 34.134521
47.286066, 34.249878
47.368031, 34.227905
47.382919, 34.18396
47.382919, 34.096069
47.382919, 34.030151
47.382919, 33.964233
47.382919, 33.925781
47.375475, 33.85437
47.375475, 33.799438
47.379198, 33.755493
47.379198, 33.673096
47.379198, 33.590698
47.379198, 33.502808
47.375475, 33.414917
47.371753, 33.321533
47.368031, 33.239136
47.368031, 33.200684
47.368031, 33.145752
47.368031, 33.145752
47.424405, 33.140259
47.434818, 33.299561
47.434818, 33.43689
47.434818, 33.552246
47.434818, 33.640137
47.427382, 33.75
47.427382, 33.837891
47.427382, 34.002686
47.427382, 34.107056
47.427382, 34.216919
47.549951, 33.54126
47.520263, 33.425903
47.494273, 33.387451
47.48313, 33.233643
47.471985, 33.173218
47.502377, 33.145752
47.583329, 33.112793
47.542531, 33.112793