46.331139, 35.079346
46.338729, 35.326538
46.399412, 35.106812
46.399412, 35.26062
46.406992, 35.419922
46.475171, 35.068359
46.478956, 35.183716
46.475171, 35.304565
46.471385, 35.458374
46.475702, 35.518799
46.607495, 35.716553
46.607495, 35.656128
46.607495, 35.557251
46.607495, 35.507813
46.599942, 35.408936
46.599942, 35.359497
46.603719, 35.293579
46.603719, 35.249634
46.603719, 35.216675
46.607495, 35.150757
46.607495, 35.112305
46.603719, 35.057373
46.603719, 35.002441
46.599942, 34.953003
46.592389, 34.892578
46.592389, 34.832153
46.592389, 34.832153
46.595867, 34.777222
46.660787, 34.777222
46.686437, 34.870605
46.660036, 34.991455
46.660036, 35.128784
46.660036, 35.211182
46.667581, 35.288086
46.678895, 35.386963
46.690207, 35.496826
46.716593, 35.623169
46.716593, 35.733032
46.716593, 35.848389
46.716593, 35.958252
46.716593, 36.117554
46.727897, 36.205444
46.739199, 36.342773
46.735432, 36.447144
46.735432, 36.573486
46.72413, 36.826172
46.795673, 36.782227
46.87088, 36.908569
46.859434, 36.826172
46.859434, 36.738281
46.86695, 36.628418
46.86695, 36.551514
46.855675, 36.496582
46.855675, 36.414185
46.851916, 36.326294
46.848157, 36.24939
46.848157, 36.183472
46.848157, 36.101074
46.848157, 36.068115
46.848157, 36.00769
46.848157, 35.930786
46.836878, 35.870361
46.836878, 35.776978
46.836878, 35.705566
46.833118, 35.628662
46.829357, 35.568237
46.825596, 35.513306
46.825596, 35.414429
46.818074, 35.370483
46.818074, 35.282593
46.818074, 35.26062
46.818074, 35.172729
46.818074, 35.123291
46.814313, 35.062866
46.814313, 35.062866
46.803061, 34.996948
46.818109, 34.942017
46.82187, 34.898071
46.82187, 34.848633
46.806824, 34.810181
46.852706, 34.82666
46.882015, 34.942017
46.859468, 35.018921
46.85571, 35.139771
46.870743, 35.288086
46.866985, 35.425415
46.866985, 35.59021
46.89704, 35.776978
46.912062, 35.864868
46.912062, 35.991211
46.885771, 36.150513
46.908307, 36.24939
46.919571, 36.326294
46.930832, 36.419678
46.949597, 36.496582
46.960852, 36.606445
46.960852, 36.716309
46.9571, 36.804199
46.9571, 36.886597
46.972105, 36.99646
46.975855, 37.073364
47.035728, 37.023926
47.031981, 36.974487
47.031981, 36.925049
47.031981, 36.864624
47.031981, 36.793213
47.016994, 36.77124
47.016994, 36.66687
47.013246, 36.600952
47.013246, 36.5625
47.013246, 36.524048
47.009498, 36.474609
47.002002, 36.419678
46.998253, 36.348267
46.998253, 36.304321
46.998253, 36.265869
46.998253, 36.227417
46.994504, 36.172485
46.994504, 36.068115
46.983256, 35.974731
46.975756, 35.925293
46.975756, 35.90332
46.983256, 35.837402
46.983256, 35.81543
46.979506, 35.755005
46.972005, 35.700073
46.972005, 35.672607
46.968257, 35.628662
46.968257, 35.57373
46.968257, 35.496826
46.972008, 35.447388
46.975758, 35.38147
46.975758, 35.321045
46.975758, 35.249634
46.979508, 35.200195
46.979508, 35.145264
46.979508, 35.073853
46.975758, 34.963989
46.968257, 34.925537
46.964506, 34.859619
46.957003, 34.832153
46.957003, 34.788208
46.957003, 34.749756
46.957003, 34.705811
46.957003, 34.683838
46.994516, 34.623413
47.005762, 34.777222
47.005762, 34.898071
47.005762, 34.963989
47.00951, 35.062866
47.013258, 35.172729
47.0245, 35.282593
47.043231, 35.419922
47.043231, 35.524292
47.054467, 35.623169
47.058211, 35.749512
47.076931, 35.837402
47.077604, 35.853882
47.073187, 35.996704
47.084417, 36.139526
47.084417, 36.227417
47.084417, 36.359253
47.091902, 36.535034
47.092566, 36.551514
47.118091, 36.754761
47.121831, 36.842651
47.13305, 36.941528
47.207675, 36.87561
47.189001, 36.793213
47.189001, 36.661377
47.189001, 36.617432
47.189001, 36.546021
47.189001, 36.496582
47.189001, 36.414185
47.189001, 36.320801
47.189001, 36.265869
47.189001, 36.183472
47.189001, 36.12854
47.189001, 36.090088
47.189001, 36.046143
47.189001, 35.947266
47.189001, 35.864868
47.189001, 35.826416
47.189001, 35.727539
47.189001, 35.678101
47.18153, 35.601196
47.18153, 35.562744
47.18153, 35.496826
47.196471, 35.397949
47.196471, 35.337524
47.196471, 35.271606
47.196471, 35.211182
47.196471, 35.139771
47.196471, 35.128784
47.245713, 34.502563
47.256161, 34.590454
47.256161, 34.683838
47.256161, 34.815674
47.285997, 34.980469
47.304637, 35.134277
47.304637, 35.244141
47.300909, 35.370483
47.289726, 35.496826
47.300909, 35.617676
47.285997, 35.738525
47.289726, 35.853882
47.315817, 36.013184
47.315817, 36.090088
47.315817, 36.216431
47.326995, 36.304321
47.315817, 36.447144
47.319543, 36.557007
47.34562, 36.694336
47.34562, 36.793213
47.360515, 36.89209
47.364239, 37.001953
47.375406, 37.062378
47.379129, 37.144775
47.446706, 37.144775
47.457115, 37.10083
47.457115, 37.023926
47.457115, 36.958008
47.457115, 36.886597
47.442247, 36.837158
47.442247, 36.738281
47.431093, 36.66687
47.431093, 36.639404
47.431093, 36.557007
47.431093, 36.529541
47.431093, 36.469116
47.431093, 36.414185
47.431093, 36.348267
47.431093, 36.24939
47.423656, 36.199951
47.416218, 36.112061
47.416218, 36.057129
47.434811, 35.980225
47.434811, 35.925293
47.438529, 35.870361
47.438529, 35.809937
47.431093, 35.765991
47.431093, 35.700073
47.419937, 35.612183
47.434811, 35.524292
47.434811, 35.474854
47.405059, 34.73877
47.397602, 34.711304
47.397602, 34.645386
47.401322, 34.595947
47.401322, 34.530029
47.401322, 34.464111
47.401322, 34.3927
47.401322, 34.332275
47.401322, 34.277344
47.401322, 34.227905
47.401322, 34.227905
47.461559, 34.227905
47.464533, 34.403687
47.464533, 34.51355
47.460817, 34.60144
47.453384, 34.705811
47.453384, 34.777222
47.453384, 34.914551
47.460817, 35.024414
47.494252, 35.15625
47.516531, 35.2771
47.531378, 35.386963
47.538799, 35.496826
47.54251, 35.579224
47.54622, 35.639648
47.54622, 35.765991
47.54622, 35.864868
47.54622, 35.952759
47.54622, 36.084595
47.54622, 36.183472
47.54622, 36.276855
47.54622, 36.359253
47.531378, 36.463623
47.531378, 36.595459
47.61296, 36.705322
47.590723, 36.727295
47.59443, 36.68335
47.632105, 36.677856
47.646154, 36.655884
47.646154, 36.611938
47.646154, 36.546021
47.646154, 36.480103
47.646154, 36.419678
47.646154, 36.375732
47.646154, 36.309814
47.642451, 36.276855
47.642451, 36.238403
47.642451, 36.188965
47.642451, 36.134033
47.642451, 36.101074
47.642451, 36.035156
47.642451, 35.974731
47.638748, 35.930786
47.642451, 35.864868
47.642451, 35.820923
47.642451, 35.776978
47.642451, 35.738525
47.646154, 35.689087
47.646154, 35.639648
47.646154, 35.579224
47.646154, 35.551758
47.646154, 35.524292
47.646154, 35.474854
47.646154, 35.436401
47.646154, 35.38147
47.638741, 35.326538
47.638741, 35.2771
47.642444, 35.194702
47.646148, 35.123291
47.646148, 35.05188
47.646148, 34.953003
47.695004, 34.958496
47.720157, 35.112305
47.720157, 35.194702
47.720157, 35.288086
47.720157, 35.36499
47.720157, 35.463867
47.720157, 35.606689
47.734946, 35.705566
47.749731, 35.864868
47.749731, 35.941772
47.749731, 36.079102
47.764512, 36.221924
47.764512, 36.331787
47.764512, 36.463623
47.768206, 36.595459
47.768206, 36.595459
47.812445, 36.557007
47.793985, 36.480103
47.793985, 36.392212
47.797678, 36.315308
47.797678, 36.205444
47.797678, 36.156006
47.797678, 36.095581
47.797678, 35.974731
47.797678, 35.9198
47.797678, 35.848389
47.797678, 35.755005
47.797678, 35.69458
47.797678, 35.650635
47.797678, 35.584717
47.797678, 35.524292
47.797678, 35.480347
47.797678, 35.403442
47.790293, 35.332031
47.790293, 35.271606
47.790293, 35.216675
47.790293, 35.15625
47.790293, 35.090332
47.790293, 35.013428
47.7866, 34.958496
47.7866, 34.914551
47.853022, 34.953003
47.827196, 35.05188
47.830887, 35.183716
47.831596, 35.205688
47.900948, 35.491333
47.87146, 35.397949
47.867773, 35.480347
47.867773, 35.612183
47.886206, 35.722046
47.904633, 35.831909
47.926737, 35.980225
47.926737, 36.073608
47.970829, 36.040649
47.974509, 35.996704
47.974509, 35.930786
47.967149, 35.853882
47.967149, 35.81543
47.963469, 35.744019
47.956107, 35.678101
47.959788, 35.634155
47.959788, 35.57373
47.963469, 35.524292
47.963469, 35.458374
47.963469, 35.408936
47.963469, 35.359497
47.963469, 35.288086
47.963469, 35.183716
47.963469, 35.145264
47.963469, 35.05188
47.959788, 35.013428
47.959788, 34.94751
47.959788, 34.914551
48.00024, 34.881592
47.996562, 34.963989
48.007595, 35.112305
48.007595, 35.211182
48.003918, 35.310059
48.003918, 35.425415
48.00024, 35.568237
48.00024, 35.722046
48.00024, 35.837402
47.996562, 36.002197
48.040681, 35.969238
48.040681, 35.952759
48.040681, 35.908813
48.040681, 35.859375
48.037006, 35.79895
48.040681, 35.656128
48.040681, 35.639648
48.037006, 35.535278
48.033331, 35.48584
48.033331, 35.419922
48.040681, 35.315552
48.040681, 35.2771
48.040681, 35.211182
48.040681, 35.15625
48.040681, 35.090332
48.033331, 35.029907
48.044311, 34.963989
48.055334, 34.920044
48.070028, 34.881592
48.103073, 35.139771
48.125092, 35.293579
48.095732, 35.672607